0
0
0
0
0
0
0
0
0
0
0
0
0
0
0
0
0
0
0
0
0
0
0
0
9
12
12
10
0
0
9
12
12
12
12
10
0
0
0
0
0
0
0
9
16
1
1
17
12
12
16
1
1
1
1
13
0
0
0
0
0
0
0
15
1
1
1
1
1
1
1
1
1
1
1
13
0
0
0
0
0
0
9
16
1
1
1
1
1
1
1
1
1
1
1
11
0
0
0
0
0
0
15
1
1
1
1
1
1
1
1
1
1
1
13
4
2
2
2
5
0
0
15
1
1
1
1
1
1
1
1
1
1
1
13
3
9
12
10
0
0
0
15
1
1
1
1
1
1
1
1
1
1
1
13
3
15
1
17
10
0
0
15
1
1
1
1
1
18
14
14
14
14
14
11
3
15
1
1
13
0
0
15
1
1
1
1
1
13
4
2
2
2
2
2
6
15
1
1
13
0
0
15
1
1
1
1
1
13
3
9
12
12
12
12
12
16
1
18
11
0
0
15
1
14
14
14
14
11
3
15
1
1
1
1
1
1
1
13
0
0
0
15
13
4
2
2
2
2
6
15
1
1
1
1
1
1
1
13
0
0
0
8
11
3
0
9
12
12
12
16
1
1
1
1
1
1
1
13
0
2
2
2
2
6
0
15
1
1
1
1
1
1
1
1
1
1
1
13
0
0
0
0
0
0
0
15
1
1
1
1
1
1
1
1
1
1
1
13
0
0
0
0
0
0
0
15
1
1
1
1
1
1
1
1
1
1
1
13
0
0
0
0
0
0
0
8
14
14
14
14
14
14
14
14
14
14
14
11
0
0
0
0
0
0
0
0
0
0
0
0
0
0
0
0
0
0
0
0
0
0
0
0
0
0
0
0
0
0
0
0
0
0
0
0
0
0
0
0
0
0
14
19
5
